0 4.17504e-08 1.18142e-07 1.872e-07 2.55725e-07 3.23554e-07 3.90523e-07 4.56473e-07 5.21246e-07 5.84687e-07 6.46645e-07 7.06973e-07 7.65528e-07 8.2217e-07 8.76765e-07 9.29186e-07 9.79307e-07 1.02701e-06 1.07219e-06 1.11473e-06 1.15453e-06 1.19151e-06 1.22558e-06 1.25665e-06 1.28467e-06 1.30955e-06 1.33126e-06 1.34973e-06 1.36494e-06 1.37683e-06 1.3854e-06 1.39062e-06 1.39249e-06 1.391e-06 1.38617e-06 1.378e-06 1.36652e-06 1.35176e-06 1.33377e-06 1.31259e-06 1.28827e-06 1.26088e-06 1.23048e-06 1.19715e-06 1.16098e-06 1.12206e-06 1.08048e-06 1.03635e-06 9.89775e-07 9.4087e-07 8.89758e-07 8.36562e-07 7.81416e-07 7.24452e-07 6.65811e-07 6.05636e-07 5.44074e-07 4.81275e-07 4.1739e-07 3.52577e-07 2.8699e-07 2.20791e-07 1.54136e-07 8.71896e-08 2.01137e-08 0 
4.17504e-08 -4.17504e-08 -1.18142e-07 -1.872e-07 -2.55725e-07 -3.23554e-07 -3.90523e-07 -4.56473e-07 -5.21246e-07 -5.84687e-07 -6.46645e-07 -7.06973e-07 -7.65528e-07 -8.2217e-07 -8.76765e-07 -9.29186e-07 -9.79307e-07 -1.02701e-06 -1.07219e-06 -1.11473e-06 -1.15453e-06 -1.19151e-06 -1.22558e-06 -1.25665e-06 -1.28467e-06 -1.30955e-06 -1.33126e-06 -1.34973e-06 -1.36494e-06 -1.37683e-06 -1.3854e-06 -1.39062e-06 -1.39249e-06 -1.391e-06 -1.38617e-06 -1.378e-06 -1.36652e-06 -1.35176e-06 -1.33377e-06 -1.31259e-06 -1.28827e-06 -1.26088e-06 -1.23048e-06 -1.19715e-06 -1.16098e-06 -1.12206e-06 -1.08048e-06 -1.03635e-06 -9.89775e-07 -9.4087e-07 -8.89758e-07 -8.36562e-07 -7.81416e-07 -7.24452e-07 -6.65811e-07 -6.05636e-07 -5.44074e-07 -4.81275e-07 -4.1739e-07 -3.52577e-07 -2.8699e-07 -2.20791e-07 -1.54136e-07 -8.71896e-08 -2.01137e-08 2.01137e-08 
1.18142e-07 -1.18142e-07 -3.3315e-07 -5.26249e-07 -7.17853e-07 -9.07502e-07 -1.09474e-06 -1.27912e-06 -1.46021e-06 -1.63756e-06 -1.81076e-06 -1.9794e-06 -2.14307e-06 -2.30139e-06 -2.45398e-06 -2.60048e-06 -2.74055e-06 -2.87385e-06 -3.00008e-06 -3.11894e-06 -3.23014e-06 -3.33344e-06 -3.42859e-06 -3.51537e-06 -3.59358e-06 -3.66305e-06 -3.72362e-06 -3.77515e-06 -3.81753e-06 -3.85067e-06 -3.8745e-06 -3.88896e-06 -3.89405e-06 -3.88976e-06 -3.8761e-06 -3.85312e-06 -3.82089e-06 -3.7795e-06 -3.72906e-06 -3.66969e-06 -3.60156e-06 -3.52483e-06 -3.43971e-06 -3.3464e-06 -3.24514e-06 -3.13619e-06 -3.01981e-06 -2.8963e-06 -2.76596e-06 -2.62911e-06 -2.48609e-06 -2.33725e-06 -2.18296e-06 -2.02359e-06 -1.85954e-06 -1.6912e-06 -1.51899e-06 -1.34333e-06 -1.16464e-06 -9.83358e-07 -7.99921e-07 -6.14774e-07 -4.28366e-07 -2.41145e-07 -5.35642e-08 5.35642e-08 
1.872e-07 -1.872e-07 -5.26249e-07 -8.28952e-07 -1.1293e-06 -1.42658e-06 -1.72006e-06 -2.00906e-06 -2.29289e-06 -2.57085e-06 -2.8423e-06 -3.10658e-06 -3.36307e-06 -3.61115e-06 -3.85025e-06 -4.0798e-06 -4.29926e-06 -4.5081e-06 -4.70584e-06 -4.89202e-06 -5.0662e-06 -5.22798e-06 -5.37698e-06 -5.51286e-06 -5.6353e-06 -5.74403e-06 -5.8388e-06 -5.9194e-06 -5.98566e-06 -6.03742e-06 -6.07458e-06 -6.09707e-06 -6.10486e-06 -6.09793e-06 -6.07633e-06 -6.04012e-06 -5.9894e-06 -5.92433e-06 -5.84506e-06 -5.75181e-06 -5.64482e-06 -5.52436e-06 -5.39074e-06 -5.24429e-06 -5.08538e-06 -4.91442e-06 -4.73182e-06 -4.53804e-06 -4.33356e-06 -4.11889e-06 -3.89455e-06 -3.66109e-06 -3.41909e-06 -3.16915e-06 -2.91187e-06 -2.64788e-06 -2.37783e-06 -2.10237e-06 -1.82217e-06 -1.53792e-06 -1.2503e-06 -9.60007e-07 -6.67746e-07 -3.74221e-07 -8.01413e-08 8.01413e-08 
2.55725e-07 -2.55725e-07 -7.17853e-07 -1.1293e-06 -1.53754e-06 -1.9416e-06 -2.34051e-06 -2.7333e-06 -3.11906e-06 -3.49684e-06 -3.86576e-06 -4.22494e-06 -4.57352e-06 -4.91067e-06 -5.23561e-06 -5.54755e-06 -5.84577e-06 -6.12956e-06 -6.39826e-06 -6.65123e-06 -6.8879e-06 -7.1077e-06 -7.31012e-06 -7.49471e-06 -7.66104e-06 -7.80872e-06 -7.93742e-06 -8.04687e-06 -8.13681e-06 -8.20704e-06 -8.25744e-06 -8.28789e-06 -8.29835e-06 -8.28881e-06 -8.25932e-06 -8.20998e-06 -8.14093e-06 -8.05235e-06 -7.94449e-06 -7.81762e-06 -7.67207e-06 -7.50822e-06 -7.32648e-06 -7.1273e-06 -6.9112e-06 -6.67871e-06 -6.43041e-06 -6.16691e-06 -5.88888e-06 -5.59699e-06 -5.29196e-06 -4.97455e-06 -4.64554e-06 -4.30573e-06 -3.95595e-06 -3.59705e-06 -3.22992e-06 -2.85545e-06 -2.47454e-06 -2.08812e-06 -1.69713e-06 -1.30252e-06 -9.05236e-07 -5.06239e-07 -1.06494e-07 1.06494e-07 
3.23554e-07 -3.23554e-07 -9.07502e-07 -1.42658e-06 -1.9416e-06 -2.45134e-06 -2.95458e-06 -3.45011e-06 -3.93674e-06 -4.41332e-06 -4.87871e-06 -5.33181e-06 -5.77153e-06 -6.19683e-06 -6.60672e-06 -7.00021e-06 -7.37638e-06 -7.73434e-06 -8.07327e-06 -8.39235e-06 -8.69085e-06 -8.96808e-06 -9.22338e-06 -9.45618e-06 -9.66593e-06 -9.85217e-06 -1.00145e-05 -1.01524e-05 -1.02658e-05 -1.03543e-05 -1.04178e-05 -1.04562e-05 -1.04693e-05 -1.04571e-05 -1.04199e-05 -1.03575e-05 -1.02703e-05 -1.01585e-05 -1.00223e-05 -9.86216e-06 -9.67845e-06 -9.47166e-06 -9.24229e-06 -8.99094e-06 -8.71823e-06 -8.42484e-06 -8.11151e-06 -7.77902e-06 -7.42818e-06 -7.05987e-06 -6.67499e-06 -6.27449e-06 -5.85935e-06 -5.43059e-06 -4.98927e-06 -4.53644e-06 -4.07323e-06 -3.60076e-06 -3.12018e-06 -2.63265e-06 -2.13936e-06 -1.64149e-06 -1.14027e-06 -6.36882e-07 -1.32559e-07 1.32559e-07 
3.90523e-07 -3.90523e-07 -1.09474e-06 -1.72006e-06 -2.34051e-06 -2.95458e-06 -3.56081e-06 -4.15776e-06 -4.74398e-06 -5.31809e-06 -5.87872e-06 -6.42453e-06 -6.95423e-06 -7.46655e-06 -7.9603e-06 -8.43429e-06 -8.88742e-06 -9.31861e-06 -9.72686e-06 -1.01112e-05 -1.04708e-05 -1.08047e-05 -1.11122e-05 -1.13926e-05 -1.16452e-05 -1.18695e-05 -1.20649e-05 -1.22311e-05 -1.23676e-05 -1.24742e-05 -1.25506e-05 -1.25967e-05 -1.26124e-05 -1.25977e-05 -1.25527e-05 -1.24776e-05 -1.23724e-05 -1.22376e-05 -1.20735e-05 -1.18805e-05 -1.16592e-05 -1.141e-05 -1.11336e-05 -1.08307e-05 -1.05021e-05 -1.01486e-05 -9.77109e-06 -9.37048e-06 -8.94778e-06 -8.50402e-06 -8.04031e-06 -7.55778e-06 -7.05762e-06 -6.54106e-06 -6.00935e-06 -5.4638e-06 -4.90574e-06 -4.33653e-06 -3.75754e-06 -3.17019e-06 -2.5759e-06 -1.97611e-06 -1.37227e-06 -7.65838e-07 -1.58274e-07 1.58274e-07 
4.56473e-07 -4.56473e-07 -1.27912e-06 -2.00906e-06 -2.7333e-06 -3.45011e-06 -4.15776e-06 -4.85456e-06 -5.53885e-06 -6.20899e-06 -6.86339e-06 -7.50049e-06 -8.11878e-06 -8.71679e-06 -9.29311e-06 -9.84637e-06 -1.03753e-05 -1.08786e-05 -1.13551e-05 -1.18037e-05 -1.22233e-05 -1.26131e-05 -1.2972e-05 -1.32992e-05 -1.35941e-05 -1.38558e-05 -1.40839e-05 -1.42778e-05 -1.44371e-05 -1.45615e-05 -1.46506e-05 -1.47044e-05 -1.47227e-05 -1.47055e-05 -1.46529e-05 -1.45651e-05 -1.44423e-05 -1.42849e-05 -1.40933e-05 -1.38679e-05 -1.36095e-05 -1.33185e-05 -1.29958e-05 -1.26422e-05 -1.22586e-05 -1.18459e-05 -1.14052e-05 -1.09375e-05 -1.0444e-05 -9.92599e-06 -9.38465e-06 -8.82136e-06 -8.23748e-06 -7.63446e-06 -7.01376e-06 -6.37691e-06 -5.72545e-06 -5.06098e-06 -4.3851e-06 -3.69947e-06 -3.00573e-06 -2.30558e-06 -1.6007e-06 -8.92797e-07 -1.83578e-07 1.83578e-07 
5.21246e-07 -5.21246e-07 -1.46021e-06 -2.29289e-06 -3.11906e-06 -3.93674e-06 -4.74398e-06 -5.53885e-06 -6.31943e-06 -7.08388e-06 -7.83037e-06 -8.55712e-06 -9.26241e-06 -9.94457e-06 -1.0602e-05 -1.12331e-05 -1.18364e-05 -1.24105e-05 -1.2954e-05 -1.34657e-05 -1.39444e-05 -1.4389e-05 -1.47983e-05 -1.51716e-05 -1.55079e-05 -1.58065e-05 -1.60666e-05 -1.62878e-05 -1.64694e-05 -1.66112e-05 -1.67129e-05 -1.67742e-05 -1.6795e-05 -1.67753e-05 -1.67153e-05 -1.66151e-05 -1.6475e-05 -1.62953e-05 -1.60767e-05 -1.58196e-05 -1.55247e-05 -1.51927e-05 -1.48246e-05 -1.44212e-05 -1.39835e-05 -1.35127e-05 -1.30099e-05 -1.24763e-05 -1.19134e-05 -1.13224e-05 -1.07048e-05 -1.00622e-05 -9.39611e-06 -8.70818e-06 -8.00009e-06 -7.27358e-06 -6.53041e-06 -5.77239e-06 -5.00137e-06 -4.21921e-06 -3.42782e-06 -2.62911e-06 -1.825e-06 -1.01746e-06 -2.0841e-07 2.0841e-07 
5.84687e-07 -5.84687e-07 -1.63756e-06 -2.57085e-06 -3.49684e-06 -4.41332e-06 -5.31809e-06 -6.20899e-06 -7.08388e-06 -7.94069e-06 -8.77736e-06 -9.5919e-06 -1.03824e-05 -1.11469e-05 -1.18838e-05 -1.25911e-05 -1.32673e-05 -1.39107e-05 -1.45199e-05 -1.50934e-05 -1.56299e-05 -1.61281e-05 -1.65869e-05 -1.70053e-05 -1.73821e-05 -1.77167e-05 -1.80083e-05 -1.82561e-05 -1.84597e-05 -1.86186e-05 -1.87325e-05 -1.88011e-05 -1.88244e-05 -1.88023e-05 -1.8735e-05 -1.86226e-05 -1.84655e-05 -1.82642e-05 -1.8019e-05 -1.77308e-05 -1.74003e-05 -1.70282e-05 -1.66155e-05 -1.61633e-05 -1.56727e-05 -1.5145e-05 -1.45814e-05 -1.39833e-05 -1.33523e-05 -1.26899e-05 -1.19976e-05 -1.12773e-05 -1.05307e-05 -9.75967e-06 -8.966e-06 -8.15168e-06 -7.31869e-06 -6.46906e-06 -5.60486e-06 -4.72818e-06 -3.84115e-06 -2.94592e-06 -2.04465e-06 -1.13952e-06 -2.3271e-07 2.3271e-07 
6.46645e-07 -6.46645e-07 -1.81076e-06 -2.8423e-06 -3.86576e-06 -4.87871e-06 -5.87872e-06 -6.86339e-06 -7.83037e-06 -8.77736e-06 -9.70208e-06 -1.06024e-05 -1.1476e-05 -1.23211e-05 -1.31354e-05 -1.39172e-05 -1.46645e-05 -1.53757e-05 -1.6049e-05 -1.66828e-05 -1.72757e-05 -1.78264e-05 -1.83335e-05 -1.87958e-05 -1.92123e-05 -1.95821e-05 -1.99043e-05 -2.01782e-05 -2.04031e-05 -2.05787e-05 -2.07046e-05 -2.07804e-05 -2.08061e-05 -2.07816e-05 -2.07072e-05 -2.05829e-05 -2.04093e-05 -2.01867e-05 -1.99157e-05 -1.95971e-05 -1.92317e-05 -1.88204e-05 -1.83643e-05 -1.78644e-05 -1.73222e-05 -1.67388e-05 -1.61159e-05 -1.54548e-05 -1.47574e-05 -1.40252e-05 -1.326e-05 -1.24639e-05 -1.16387e-05 -1.07864e-05 -9.90917e-06 -9.00911e-06 -8.08841e-06 -7.14933e-06 -6.19414e-06 -5.22516e-06 -4.24474e-06 -3.25526e-06 -2.25911e-06 -1.25869e-06 -2.56422e-07 2.56422e-07 
7.06973e-07 -7.06973e-07 -1.9794e-06 -3.10658e-06 -4.22494e-06 -5.33181e-06 -6.42453e-06 -7.50049e-06 -8.55712e-06 -9.5919e-06 -1.06024e-05 -1.15861e-05 -1.25408e-05 -1.34641e-05 -1.4354e-05 -1.52082e-05 -1.60248e-05 -1.68019e-05 -1.75376e-05 -1.82302e-05 -1.8878e-05 -1.94797e-05 -2.00338e-05 -2.05389e-05 -2.09941e-05 -2.13981e-05 -2.17501e-05 -2.20494e-05 -2.22952e-05 -2.2487e-05 -2.26245e-05 -2.27073e-05 -2.27353e-05 -2.27086e-05 -2.26272e-05 -2.24914e-05 -2.23016e-05 -2.20583e-05 -2.17622e-05 -2.1414e-05 -2.10147e-05 -2.05652e-05 -2.00668e-05 -1.95206e-05 -1.8928e-05 -1.82905e-05 -1.76098e-05 -1.68874e-05 -1.61252e-05 -1.53251e-05 -1.4489e-05 -1.3619e-05 -1.27173e-05 -1.1786e-05 -1.08274e-05 -9.84383e-06 -8.83775e-06 -7.81158e-06 -6.76781e-06 -5.70897e-06 -4.63764e-06 -3.55641e-06 -2.46788e-06 -1.3747e-06 -2.79488e-07 2.79488e-07 
7.65528e-07 -7.65528e-07 -2.14307e-06 -3.36307e-06 -4.57352e-06 -5.77153e-06 -6.95423e-06 -8.11878e-06 -9.26241e-06 -1.03824e-05 -1.1476e-05 -1.25408e-05 -1.3574e-05 -1.45734e-05 -1.55365e-05 -1.64611e-05 -1.73449e-05 -1.81859e-05 -1.89822e-05 -1.97318e-05 -2.0433e-05 -2.10842e-05 -2.16838e-05 -2.22306e-05 -2.27231e-05 -2.31604e-05 -2.35414e-05 -2.38653e-05 -2.41313e-05 -2.43389e-05 -2.44876e-05 -2.45772e-05 -2.46075e-05 -2.45786e-05 -2.44904e-05 -2.43434e-05 -2.4138e-05 -2.38746e-05 -2.35541e-05 -2.31772e-05 -2.2745e-05 -2.22585e-05 -2.17189e-05 -2.11277e-05 -2.04863e-05 -1.97963e-05 -1.90595e-05 -1.82776e-05 -1.74527e-05 -1.65866e-05 -1.56817e-05 -1.474e-05 -1.3764e-05 -1.2756e-05 -1.17184e-05 -1.06539e-05 -9.56493e-06 -8.45424e-06 -7.32451e-06 -6.17847e-06 -5.01891e-06 -3.84863e-06 -2.67046e-06 -1.48725e-06 -3.01854e-07 3.01854e-07 
8.2217e-07 -8.2217e-07 -2.30139e-06 -3.61115e-06 -4.91067e-06 -6.19683e-06 -7.46655e-06 -8.71679e-06 -9.94457e-06 -1.11469e-05 -1.23211e-05 -1.34641e-05 -1.45734e-05 -1.56463e-05 -1.66803e-05 -1.76728e-05 -1.86217e-05 -1.95246e-05 -2.03794e-05 -2.11841e-05 -2.19369e-05 -2.2636e-05 -2.32798e-05 -2.38667e-05 -2.43955e-05 -2.48649e-05 -2.52739e-05 -2.56216e-05 -2.59071e-05 -2.613e-05 -2.62896e-05 -2.63858e-05 -2.64183e-05 -2.63872e-05 -2.62925e-05 -2.61347e-05 -2.59141e-05 -2.56313e-05 -2.52872e-05 -2.48825e-05 -2.44185e-05 -2.38961e-05 -2.33168e-05 -2.26821e-05 -2.19935e-05 -2.12527e-05 -2.04616e-05 -1.96222e-05 -1.87365e-05 -1.78067e-05 -1.68352e-05 -1.58242e-05 -1.47763e-05 -1.36941e-05 -1.25802e-05 -1.14373e-05 -1.02682e-05 -9.07578e-06 -7.86291e-06 -6.63253e-06 -5.38764e-06 -4.13124e-06 -2.86637e-06 -1.59609e-06 -3.23467e-07 3.23467e-07 
8.76765e-07 -8.76765e-07 -2.45398e-06 -3.85025e-06 -5.23561e-06 -6.60672e-06 -7.9603e-06 -9.29311e-06 -1.0602e-05 -1.18838e-05 -1.31354e-05 -1.4354e-05 -1.55365e-05 -1.66803e-05 -1.77825e-05 -1.88406e-05 -1.98521e-05 -2.08146e-05 -2.17259e-05 -2.25838e-05 -2.33862e-05 -2.41315e-05 -2.48177e-05 -2.54434e-05 -2.60071e-05 -2.65075e-05 -2.69435e-05 -2.73141e-05 -2.76185e-05 -2.7856e-05 -2.80262e-05 -2.81287e-05 -2.81633e-05 -2.81301e-05 -2.80292e-05 -2.78608e-05 -2.76256e-05 -2.73242e-05 -2.69573e-05 -2.65259e-05 -2.60312e-05 -2.54743e-05 -2.48567e-05 -2.418e-05 -2.34459e-05 -2.26562e-05 -2.18128e-05 -2.09179e-05 -1.99737e-05 -1.89825e-05 -1.79467e-05 -1.6869e-05 -1.57519e-05 -1.45982e-05 -1.34107e-05 -1.21923e-05 -1.09459e-05 -9.67474e-06 -8.38174e-06 -7.07009e-06 -5.74296e-06 -4.40357e-06 -3.05515e-06 -1.70096e-06 -3.44275e-07 3.44275e-07 
9.29186e-07 -9.29186e-07 -2.60048e-06 -4.0798e-06 -5.54755e-06 -7.00021e-06 -8.43429e-06 -9.84637e-06 -1.12331e-05 -1.25911e-05 -1.39172e-05 -1.52082e-05 -1.64611e-05 -1.76728e-05 -1.88406e-05 -1.99617e-05 -2.10333e-05 -2.2053e-05 -2.30185e-05 -2.39274e-05 -2.47776e-05 -2.55671e-05 -2.62941e-05 -2.6957e-05 -2.75542e-05 -2.80844e-05 -2.85462e-05 -2.89389e-05 -2.92613e-05 -2.9513e-05 -2.96932e-05 -2.98018e-05 -2.98385e-05 -2.98032e-05 -2.96963e-05 -2.95179e-05 -2.92687e-05 -2.89493e-05 -2.85606e-05 -2.81035e-05 -2.75793e-05 -2.69893e-05 -2.63349e-05 -2.5618e-05 -2.48402e-05 -2.40034e-05 -2.31099e-05 -2.21617e-05 -2.11613e-05 -2.01112e-05 -1.90138e-05 -1.78719e-05 -1.66884e-05 -1.5466e-05 -1.42079e-05 -1.2917e-05 -1.15965e-05 -1.02497e-05 -8.87978e-06 -7.49011e-06 -6.08404e-06 -4.66497e-06 -3.23635e-06 -1.80161e-06 -3.6423e-07 3.6423e-07 
9.79307e-07 -9.79307e-07 -2.74055e-06 -4.29926e-06 -5.84577e-06 -7.37638e-06 -8.88742e-06 -1.03753e-05 -1.18364e-05 -1.32673e-05 -1.46645e-05 -1.60248e-05 -1.73449e-05 -1.86217e-05 -1.98521e-05 -2.10333e-05 -2.21624e-05 -2.32369e-05 -2.42541e-05 -2.52118e-05 -2.61076e-05 -2.69394e-05 -2.77055e-05 -2.84039e-05 -2.90331e-05 -2.95917e-05 -3.00784e-05 -3.0492e-05 -3.08318e-05 -3.10969e-05 -3.12868e-05 -3.14012e-05 -3.14398e-05 -3.14026e-05 -3.12899e-05 -3.1102e-05 -3.08394e-05 -3.05028e-05 -3.00931e-05 -2.96115e-05 -2.90592e-05 -2.84375e-05 -2.7748e-05 -2.69925e-05 -2.6173e-05 -2.52913e-05 -2.43498e-05 -2.33507e-05 -2.22966e-05 -2.11901e-05 -2.00338e-05 -1.88306e-05 -1.75835e-05 -1.62956e-05 -1.49699e-05 -1.36097e-05 -1.22184e-05 -1.07993e-05 -9.35586e-06 -7.89159e-06 -6.41006e-06 -4.91483e-06 -3.40954e-06 -1.89781e-06 -3.83284e-07 3.83284e-07 
1.02701e-06 -1.02701e-06 -2.87385e-06 -4.5081e-06 -6.12956e-06 -7.73434e-06 -9.31861e-06 -1.08786e-05 -1.24105e-05 -1.39107e-05 -1.53757e-05 -1.68019e-05 -1.81859e-05 -1.95246e-05 -2.08146e-05 -2.2053e-05 -2.32369e-05 -2.43634e-05 -2.54299e-05 -2.64339e-05 -2.73731e-05 -2.82453e-05 -2.90485e-05 -2.97807e-05 -3.04404e-05 -3.1026e-05 -3.15363e-05 -3.19699e-05 -3.23261e-05 -3.26041e-05 -3.28032e-05 -3.29231e-05 -3.29635e-05 -3.29245e-05 -3.28063e-05 -3.26093e-05 -3.23339e-05 -3.1981e-05 -3.15515e-05 -3.10465e-05 -3.04673e-05 -2.98155e-05 -2.90926e-05 -2.83005e-05 -2.74412e-05 -2.65168e-05 -2.55296e-05 -2.44821e-05 -2.33769e-05 -2.22167e-05 -2.10044e-05 -1.97429e-05 -1.84353e-05 -1.70849e-05 -1.5695e-05 -1.42689e-05 -1.28101e-05 -1.13222e-05 -9.80884e-06 -8.27361e-06 -6.72026e-06 -5.15257e-06 -3.57432e-06 -1.98932e-06 -4.01393e-07 4.01393e-07 
1.07219e-06 -1.07219e-06 -3.00008e-06 -4.70584e-06 -6.39826e-06 -8.07327e-06 -9.72686e-06 -1.13551e-05 -1.2954e-05 -1.45199e-05 -1.6049e-05 -1.75376e-05 -1.89822e-05 -2.03794e-05 -2.17259e-05 -2.30185e-05 -2.42541e-05 -2.54299e-05 -2.65431e-05 -2.7591e-05 -2.85713e-05 -2.94816e-05 -3.03199e-05 -3.10842e-05 -3.17727e-05 -3.2384e-05 -3.29165e-05 -3.33691e-05 -3.37409e-05 -3.4031e-05 -3.42388e-05 -3.43639e-05 -3.44061e-05 -3.43654e-05 -3.4242e-05 -3.40363e-05 -3.37488e-05 -3.33804e-05 -3.29321e-05 -3.2405e-05 -3.18005e-05 -3.11201e-05 -3.03655e-05 -2.95388e-05 -2.86418e-05 -2.76769e-05 -2.66466e-05 -2.55532e-05 -2.43996e-05 -2.31886e-05 -2.19232e-05 -2.06065e-05 -1.92417e-05 -1.78322e-05 -1.63815e-05 -1.48929e-05 -1.33703e-05 -1.18173e-05 -1.02377e-05 -8.63525e-06 -7.01392e-06 -5.37762e-06 -3.73029e-06 -2.07593e-06 -4.18514e-07 4.18514e-07 
1.11473e-06 -1.11473e-06 -3.11894e-06 -4.89202e-06 -6.65123e-06 -8.39235e-06 -1.01112e-05 -1.18037e-05 -1.34657e-05 -1.50934e-05 -1.66828e-05 -1.82302e-05 -1.97318e-05 -2.11841e-05 -2.25838e-05 -2.39274e-05 -2.52118e-05 -2.64339e-05 -2.7591e-05 -2.86803e-05 -2.96993e-05 -3.06455e-05 -3.15169e-05 -3.23113e-05 -3.3027e-05 -3.36623e-05 -3.42159e-05 -3.46863e-05 -3.50728e-05 -3.53743e-05 -3.55902e-05 -3.57203e-05 -3.57641e-05 -3.57218e-05 -3.55935e-05 -3.53796e-05 -3.50808e-05 -3.46979e-05 -3.42318e-05 -3.36839e-05 -3.30555e-05 -3.23482e-05 -3.15639e-05 -3.07044e-05 -2.97721e-05 -2.87691e-05 -2.7698e-05 -2.65615e-05 -2.53624e-05 -2.41036e-05 -2.27882e-05 -2.14195e-05 -2.00009e-05 -1.85357e-05 -1.70277e-05 -1.54804e-05 -1.38977e-05 -1.22833e-05 -1.06413e-05 -8.97567e-06 -7.29034e-06 -5.58945e-06 -3.87711e-06 -2.15744e-06 -4.34607e-07 4.34607e-07 
1.15453e-06 -1.15453e-06 -3.23014e-06 -5.0662e-06 -6.8879e-06 -8.69085e-06 -1.04708e-05 -1.22233e-05 -1.39444e-05 -1.56299e-05 -1.72757e-05 -1.8878e-05 -2.0433e-05 -2.19369e-05 -2.33862e-05 -2.47776e-05 -2.61076e-05 -2.73731e-05 -2.85713e-05 -2.96993e-05 -3.07544e-05 -3.17343e-05 -3.26365e-05 -3.34592e-05 -3.42003e-05 -3.48581e-05 -3.54313e-05 -3.59185e-05 -3.63186e-05 -3.66308e-05 -3.68544e-05 -3.6989e-05 -3.70344e-05 -3.69906e-05 -3.68577e-05 -3.66362e-05 -3.63268e-05 -3.59302e-05 -3.54476e-05 -3.48802e-05 -3.42294e-05 -3.3497e-05 -3.26848e-05 -3.17948e-05 -3.08293e-05 -2.97907e-05 -2.86816e-05 -2.75047e-05 -2.62629e-05 -2.49594e-05 -2.35973e-05 -2.218e-05 -2.07109e-05 -1.91937e-05 -1.76321e-05 -1.60299e-05 -1.43909e-05 -1.27192e-05 -1.10189e-05 -9.29408e-06 -7.54889e-06 -5.78758e-06 -4.01441e-06 -2.23366e-06 -4.49635e-07 4.49635e-07 
1.19151e-06 -1.19151e-06 -3.33344e-06 -5.22798e-06 -7.1077e-06 -8.96808e-06 -1.08047e-05 -1.26131e-05 -1.4389e-05 -1.61281e-05 -1.78264e-05 -1.94797e-05 -2.10842e-05 -2.2636e-05 -2.41315e-05 -2.55671e-05 -2.69394e-05 -2.82453e-05 -2.94816e-05 -3.06455e-05 -3.17343e-05 -3.27453e-05 -3.36763e-05 -3.45251e-05 -3.52898e-05 -3.59686e-05 -3.656e-05 -3.70627e-05 -3.74755e-05 -3.77976e-05 -3.80284e-05 -3.81672e-05 -3.82141e-05 -3.81688e-05 -3.80317e-05 -3.78031e-05 -3.74838e-05 -3.70746e-05 -3.65766e-05 -3.59911e-05 -3.53196e-05 -3.45638e-05 -3.37257e-05 -3.28074e-05 -3.18111e-05 -3.07394e-05 -2.95949e-05 -2.83805e-05 -2.70992e-05 -2.57541e-05 -2.43486e-05 -2.28862e-05 -2.13703e-05 -1.98048e-05 -1.81934e-05 -1.65401e-05 -1.48489e-05 -1.3124e-05 -1.13695e-05 -9.58973e-06 -7.78895e-06 -5.97154e-06 -4.14189e-06 -2.30442e-06 -4.63562e-07 4.63562e-07 
1.22558e-06 -1.22558e-06 -3.42859e-06 -5.37698e-06 -7.31012e-06 -9.22338e-06 -1.11122e-05 -1.2972e-05 -1.47983e-05 -1.65869e-05 -1.83335e-05 -2.00338e-05 -2.16838e-05 -2.32798e-05 -2.48177e-05 -2.62941e-05 -2.77055e-05 -2.90485e-05 -3.03199e-05 -3.15169e-05 -3.26365e-05 -3.36763e-05 -3.46337e-05 -3.55067e-05 -3.62931e-05 -3.69911e-05 -3.75993e-05 -3.81163e-05 -3.85408e-05 -3.88721e-05 -3.91094e-05 -3.92522e-05 -3.93003e-05 -3.92537e-05 -3.91127e-05 -3.88776e-05 -3.85492e-05 -3.81283e-05 -3.76162e-05 -3.7014e-05 -3.63234e-05 -3.55461e-05 -3.46842e-05 -3.37397e-05 -3.27151e-05 -3.16129e-05 -3.04359e-05 -2.9187e-05 -2.78692e-05 -2.64859e-05 -2.50404e-05 -2.35364e-05 -2.19774e-05 -2.03674e-05 -1.87102e-05 -1.70099e-05 -1.52707e-05 -1.34967e-05 -1.16923e-05 -9.86195e-06 -8.00997e-06 -6.1409e-06 -4.25924e-06 -2.36954e-06 -4.76357e-07 4.76357e-07 
1.25665e-06 -1.25665e-06 -3.51537e-06 -5.51286e-06 -7.49471e-06 -9.45618e-06 -1.13926e-05 -1.32992e-05 -1.51716e-05 -1.70053e-05 -1.87958e-05 -2.05389e-05 -2.22306e-05 -2.38667e-05 -2.54434e-05 -2.6957e-05 -2.84039e-05 -2.97807e-05 -3.10842e-05 -3.23113e-05 -3.34592e-05 -3.45251e-05 -3.55067e-05 -3.64016e-05 -3.72078e-05 -3.79234e-05 -3.85469e-05 -3.90769e-05 -3.95121e-05 -3.98517e-05 -4.00949e-05 -4.02413e-05 -4.02906e-05 -4.02429e-05 -4.00982e-05 -3.98572e-05 -3.95205e-05 -3.9089e-05 -3.85639e-05 -3.79466e-05 -3.72386e-05 -3.64417e-05 -3.5558e-05 -3.45897e-05 -3.35393e-05 -3.24093e-05 -3.12026e-05 -2.99222e-05 -2.85712e-05 -2.7153e-05 -2.56711e-05 -2.41292e-05 -2.25309e-05 -2.08803e-05 -1.91813e-05 -1.74382e-05 -1.56551e-05 -1.38364e-05 -1.19866e-05 -1.01101e-05 -8.21145e-06 -6.29527e-06 -4.3662e-06 -2.42888e-06 -4.87989e-07 4.87989e-07 
1.28467e-06 -1.28467e-06 -3.59358e-06 -5.6353e-06 -7.66104e-06 -9.66593e-06 -1.16452e-05 -1.35941e-05 -1.55079e-05 -1.73821e-05 -1.92123e-05 -2.09941e-05 -2.27231e-05 -2.43955e-05 -2.60071e-05 -2.75542e-05 -2.90331e-05 -3.04404e-05 -3.17727e-05 -3.3027e-05 -3.42003e-05 -3.52898e-05 -3.62931e-05 -3.72078e-05 -3.80318e-05 -3.87633e-05 -3.94006e-05 -3.99423e-05 -4.03871e-05 -4.07342e-05 -4.09828e-05 -4.11324e-05 -4.11828e-05 -4.11339e-05 -4.09861e-05 -4.07397e-05 -4.03956e-05 -3.99545e-05 -3.94177e-05 -3.87867e-05 -3.8063e-05 -3.72485e-05 -3.63452e-05 -3.53554e-05 -3.42817e-05 -3.31267e-05 -3.18933e-05 -3.05845e-05 -2.92036e-05 -2.7754e-05 -2.62393e-05 -2.46632e-05 -2.30295e-05 -2.13423e-05 -1.96057e-05 -1.7824e-05 -1.60014e-05 -1.41425e-05 -1.22517e-05 -1.03336e-05 -8.39292e-06 -6.43431e-06 -4.46252e-06 -2.4823e-06 -4.98433e-07 4.98433e-07 
1.30955e-06 -1.30955e-06 -3.66305e-06 -5.74403e-06 -7.80872e-06 -9.85217e-06 -1.18695e-05 -1.38558e-05 -1.58065e-05 -1.77167e-05 -1.95821e-05 -2.13981e-05 -2.31604e-05 -2.48649e-05 -2.65075e-05 -2.80844e-05 -2.95917e-05 -3.1026e-05 -3.2384e-05 -3.36623e-05 -3.48581e-05 -3.59686e-05 -3.69911e-05 -3.79234e-05 -3.87633e-05 -3.95088e-05 -4.01584e-05 -4.07104e-05 -4.11638e-05 -4.15176e-05 -4.17709e-05 -4.19234e-05 -4.19747e-05 -4.19249e-05 -4.17742e-05 -4.15231e-05 -4.11723e-05 -4.07227e-05 -4.01756e-05 -3.95324e-05 -3.87948e-05 -3.79646e-05 -3.70439e-05 -3.60351e-05 -3.49408e-05 -3.37635e-05 -3.25064e-05 -3.11724e-05 -2.97649e-05 -2.82874e-05 -2.67436e-05 -2.51371e-05 -2.34721e-05 -2.17524e-05 -1.99824e-05 -1.81664e-05 -1.63088e-05 -1.44141e-05 -1.24869e-05 -1.0532e-05 -8.55397e-06 -6.55769e-06 -4.54798e-06 -2.52968e-06 -5.07665e-07 5.07665e-07 
1.33126e-06 -1.33126e-06 -3.72362e-06 -5.8388e-06 -7.93742e-06 -1.00145e-05 -1.20649e-05 -1.40839e-05 -1.60666e-05 -1.80083e-05 -1.99043e-05 -2.17501e-05 -2.35414e-05 -2.52739e-05 -2.69435e-05 -2.85462e-05 -3.00784e-05 -3.15363e-05 -3.29165e-05 -3.42159e-05 -3.54313e-05 -3.656e-05 -3.75993e-05 -3.85469e-05 -3.94006e-05 -4.01584e-05 -4.08186e-05 -4.13797e-05 -4.18405e-05 -4.22e-05 -4.24575e-05 -4.26125e-05 -4.26647e-05 -4.2614e-05 -4.24608e-05 -4.22056e-05 -4.1849e-05 -4.1392e-05 -4.08359e-05 -4.01821e-05 -3.94323e-05 -3.85884e-05 -3.76526e-05 -3.66273e-05 -3.55149e-05 -3.43183e-05 -3.30404e-05 -3.16845e-05 -3.02539e-05 -2.87521e-05 -2.71829e-05 -2.555e-05 -2.38576e-05 -2.21097e-05 -2.03106e-05 -1.84647e-05 -1.65765e-05 -1.46507e-05 -1.26918e-05 -1.07048e-05 -8.69423e-06 -6.66513e-06 -4.62239e-06 -2.57091e-06 -5.15663e-07 5.15663e-07 
1.34973e-06 -1.34973e-06 -3.77515e-06 -5.9194e-06 -8.04687e-06 -1.01524e-05 -1.22311e-05 -1.42778e-05 -1.62878e-05 -1.82561e-05 -2.01782e-05 -2.20494e-05 -2.38653e-05 -2.56216e-05 -2.73141e-05 -2.89389e-05 -3.0492e-05 -3.19699e-05 -3.33691e-05 -3.46863e-05 -3.59185e-05 -3.70627e-05 -3.81163e-05 -3.90769e-05 -3.99423e-05 -4.07104e-05 -4.13797e-05 -4.19485e-05 -4.24156e-05 -4.27801e-05 -4.30411e-05 -4.31982e-05 -4.32511e-05 -4.31997e-05 -4.30444e-05 -4.27856e-05 -4.24241e-05 -4.19608e-05 -4.13971e-05 -4.07343e-05 -3.99742e-05 -3.91187e-05 -3.817e-05 -3.71305e-05 -3.60028e-05 -3.47897e-05 -3.34943e-05 -3.21198e-05 -3.06695e-05 -2.91471e-05 -2.75562e-05 -2.59009e-05 -2.41852e-05 -2.24132e-05 -2.05894e-05 -1.87182e-05 -1.68041e-05 -1.48517e-05 -1.2866e-05 -1.08515e-05 -8.81338e-06 -6.7564e-06 -4.68558e-06 -2.60591e-06 -5.2241e-07 5.2241e-07 
1.36494e-06 -1.36494e-06 -3.81753e-06 -5.98566e-06 -8.13681e-06 -1.02658e-05 -1.23676e-05 -1.44371e-05 -1.64694e-05 -1.84597e-05 -2.04031e-05 -2.22952e-05 -2.41313e-05 -2.59071e-05 -2.76185e-05 -2.92613e-05 -3.08318e-05 -3.23261e-05 -3.37409e-05 -3.50728e-05 -3.63186e-05 -3.74755e-05 -3.85408e-05 -3.95121e-05 -4.03871e-05 -4.11638e-05 -4.18405e-05 -4.24156e-05 -4.2888e-05 -4.32565e-05 -4.35204e-05 -4.36792e-05 -4.37326e-05 -4.36807e-05 -4.35236e-05 -4.32619e-05 -4.28964e-05 -4.24279e-05 -4.18579e-05 -4.11877e-05 -4.04191e-05 -3.95541e-05 -3.85948e-05 -3.75437e-05 -3.64035e-05 -3.51769e-05 -3.3867e-05 -3.24772e-05 -3.10107e-05 -2.94713e-05 -2.78628e-05 -2.6189e-05 -2.44542e-05 -2.26625e-05 -2.08184e-05 -1.89263e-05 -1.69908e-05 -1.50168e-05 -1.30089e-05 -1.0972e-05 -8.91118e-06 -6.83129e-06 -4.73741e-06 -2.63458e-06 -5.27892e-07 5.27892e-07 
1.37683e-06 -1.37683e-06 -3.85067e-06 -6.03742e-06 -8.20704e-06 -1.03543e-05 -1.24742e-05 -1.45615e-05 -1.66112e-05 -1.86186e-05 -2.05787e-05 -2.2487e-05 -2.43389e-05 -2.613e-05 -2.7856e-05 -2.9513e-05 -3.10969e-05 -3.26041e-05 -3.4031e-05 -3.53743e-05 -3.66308e-05 -3.77976e-05 -3.88721e-05 -3.98517e-05 -4.07342e-05 -4.15176e-05 -4.22e-05 -4.27801e-05 -4.32565e-05 -4.36281e-05 -4.38943e-05 -4.40544e-05 -4.41083e-05 -4.40559e-05 -4.38975e-05 -4.36335e-05 -4.32648e-05 -4.27923e-05 -4.22174e-05 -4.15414e-05 -4.07662e-05 -3.98937e-05 -3.89262e-05 -3.78661e-05 -3.6716e-05 -3.54789e-05 -3.41578e-05 -3.27559e-05 -3.12769e-05 -2.97243e-05 -2.81019e-05 -2.64137e-05 -2.4664e-05 -2.28569e-05 -2.09969e-05 -1.90885e-05 -1.71365e-05 -1.51455e-05 -1.31203e-05 -1.1066e-05 -8.98741e-06 -6.88965e-06 -4.77778e-06 -2.65689e-06 -5.32095e-07 5.32095e-07 
1.3854e-06 -1.3854e-06 -3.8745e-06 -6.07458e-06 -8.25744e-06 -1.04178e-05 -1.25506e-05 -1.46506e-05 -1.67129e-05 -1.87325e-05 -2.07046e-05 -2.26245e-05 -2.44876e-05 -2.62896e-05 -2.80262e-05 -2.96932e-05 -3.12868e-05 -3.28032e-05 -3.42388e-05 -3.55902e-05 -3.68544e-05 -3.80284e-05 -3.91094e-05 -4.00949e-05 -4.09828e-05 -4.17709e-05 -4.24575e-05 -4.30411e-05 -4.35204e-05 -4.38943e-05 -4.41621e-05 -4.43232e-05 -4.43773e-05 -4.43246e-05 -4.41652e-05 -4.38996e-05 -4.35286e-05 -4.30532e-05 -4.24748e-05 -4.17946e-05 -4.10147e-05 -4.01369e-05 -3.91635e-05 -3.80969e-05 -3.69398e-05 -3.56951e-05 -3.43659e-05 -3.29555e-05 -3.14674e-05 -2.99053e-05 -2.8273e-05 -2.65746e-05 -2.48141e-05 -2.2996e-05 -2.11247e-05 -1.92047e-05 -1.72407e-05 -1.52375e-05 -1.32e-05 -1.11331e-05 -9.0419e-06 -6.93135e-06 -4.80659e-06 -2.67276e-06 -5.35013e-07 5.35013e-07 
1.39062e-06 -1.39062e-06 -3.88896e-06 -6.09707e-06 -8.28789e-06 -1.04562e-05 -1.25967e-05 -1.47044e-05 -1.67742e-05 -1.88011e-05 -2.07804e-05 -2.27073e-05 -2.45772e-05 -2.63858e-05 -2.81287e-05 -2.98018e-05 -3.14012e-05 -3.29231e-05 -3.43639e-05 -3.57203e-05 -3.6989e-05 -3.81672e-05 -3.92522e-05 -4.02413e-05 -4.11324e-05 -4.19234e-05 -4.26125e-05 -4.31982e-05 -4.36792e-05 -4.40544e-05 -4.43232e-05 -4.44848e-05 -4.45392e-05 -4.44863e-05 -4.43262e-05 -4.40597e-05 -4.36873e-05 -4.32102e-05 -4.26296e-05 -4.1947e-05 -4.11642e-05 -4.02831e-05 -3.93061e-05 -3.82356e-05 -3.70743e-05 -3.58251e-05 -3.4491e-05 -3.30755e-05 -3.15819e-05 -3.00141e-05 -2.83759e-05 -2.66712e-05 -2.49044e-05 -2.30796e-05 -2.12014e-05 -1.92744e-05 -1.73033e-05 -1.52928e-05 -1.32479e-05 -1.11734e-05 -9.07455e-06 -6.9563e-06 -4.8238e-06 -2.68218e-06 -5.36639e-07 5.36639e-07 
1.39249e-06 -1.39249e-06 -3.89405e-06 -6.10486e-06 -8.29835e-06 -1.04693e-05 -1.26124e-05 -1.47227e-05 -1.6795e-05 -1.88244e-05 -2.08061e-05 -2.27353e-05 -2.46075e-05 -2.64183e-05 -2.81633e-05 -2.98385e-05 -3.14398e-05 -3.29635e-05 -3.44061e-05 -3.57641e-05 -3.70344e-05 -3.82141e-05 -3.93003e-05 -4.02906e-05 -4.11828e-05 -4.19747e-05 -4.26647e-05 -4.32511e-05 -4.37326e-05 -4.41083e-05 -4.43773e-05 -4.45392e-05 -4.45936e-05 -4.45406e-05 -4.43804e-05 -4.41134e-05 -4.37406e-05 -4.32629e-05 -4.26816e-05 -4.19981e-05 -4.12143e-05 -4.03322e-05 -3.9354e-05 -3.82822e-05 -3.71194e-05 -3.58686e-05 -3.45329e-05 -3.31156e-05 -3.16203e-05 -3.00505e-05 -2.84103e-05 -2.67035e-05 -2.49345e-05 -2.31075e-05 -2.1227e-05 -1.92977e-05 -1.73241e-05 -1.53112e-05 -1.32637e-05 -1.11868e-05 -9.08532e-06 -6.96448e-06 -4.82937e-06 -2.68514e-06 -5.3697e-07 5.3697e-07 
1.391e-06 -1.391e-06 -3.88976e-06 -6.09793e-06 -8.28881e-06 -1.04571e-05 -1.25977e-05 -1.47055e-05 -1.67753e-05 -1.88023e-05 -2.07816e-05 -2.27086e-05 -2.45786e-05 -2.63872e-05 -2.81301e-05 -2.98032e-05 -3.14026e-05 -3.29245e-05 -3.43654e-05 -3.57218e-05 -3.69906e-05 -3.81688e-05 -3.92537e-05 -4.02429e-05 -4.11339e-05 -4.19249e-05 -4.2614e-05 -4.31997e-05 -4.36807e-05 -4.40559e-05 -4.43246e-05 -4.44863e-05 -4.45406e-05 -4.44876e-05 -4.43275e-05 -4.40609e-05 -4.36885e-05 -4.32114e-05 -4.26307e-05 -4.1948e-05 -4.11652e-05 -4.02841e-05 -3.9307e-05 -3.82365e-05 -3.70751e-05 -3.58258e-05 -3.44916e-05 -3.3076e-05 -3.15824e-05 -3.00146e-05 -2.83762e-05 -2.66715e-05 -2.49046e-05 -2.30797e-05 -2.12015e-05 -1.92744e-05 -1.73032e-05 -1.52926e-05 -1.32476e-05 -1.11731e-05 -9.07419e-06 -6.95587e-06 -4.8233e-06 -2.68162e-06 -5.36008e-07 5.36008e-07 
1.38617e-06 -1.38617e-06 -3.8761e-06 -6.07633e-06 -8.25932e-06 -1.04199e-05 -1.25527e-05 -1.46529e-05 -1.67153e-05 -1.8735e-05 -2.07072e-05 -2.26272e-05 -2.44904e-05 -2.62925e-05 -2.80292e-05 -2.96963e-05 -3.12899e-05 -3.28063e-05 -3.4242e-05 -3.55935e-05 -3.68577e-05 -3.80317e-05 -3.91127e-05 -4.00982e-05 -4.09861e-05 -4.17742e-05 -4.24608e-05 -4.30444e-05 -4.35236e-05 -4.38975e-05 -4.41652e-05 -4.43262e-05 -4.43804e-05 -4.43275e-05 -4.41681e-05 -4.39024e-05 -4.35313e-05 -4.30558e-05 -4.24772e-05 -4.1797e-05 -4.1017e-05 -4.0139e-05 -3.91655e-05 -3.80987e-05 -3.69415e-05 -3.56967e-05 -3.43674e-05 -3.29568e-05 -3.14686e-05 -2.99063e-05 -2.82739e-05 -2.65753e-05 -2.48147e-05 -2.29964e-05 -2.11249e-05 -1.92048e-05 -1.72406e-05 -1.52373e-05 -1.31997e-05 -1.11326e-05 -9.04123e-06 -6.93053e-06 -4.80562e-06 -2.67165e-06 -5.33757e-07 5.33757e-07 
1.378e-06 -1.378e-06 -3.85312e-06 -6.04012e-06 -8.20998e-06 -1.03575e-05 -1.24776e-05 -1.45651e-05 -1.66151e-05 -1.86226e-05 -2.05829e-05 -2.24914e-05 -2.43434e-05 -2.61347e-05 -2.78608e-05 -2.95179e-05 -3.1102e-05 -3.26093e-05 -3.40363e-05 -3.53796e-05 -3.66362e-05 -3.78031e-05 -3.88776e-05 -3.98572e-05 -4.07397e-05 -4.15231e-05 -4.22056e-05 -4.27856e-05 -4.32619e-05 -4.36335e-05 -4.38996e-05 -4.40597e-05 -4.41134e-05 -4.40609e-05 -4.39024e-05 -4.36383e-05 -4.32694e-05 -4.27968e-05 -4.22217e-05 -4.15455e-05 -4.07701e-05 -3.98975e-05 -3.89298e-05 -3.78694e-05 -3.67192e-05 -3.54818e-05 -3.41604e-05 -3.27584e-05 -3.12791e-05 -2.97262e-05 -2.81036e-05 -2.64152e-05 -2.46652e-05 -2.28578e-05 -2.09976e-05 -1.9089e-05 -1.71367e-05 -1.51454e-05 -1.312e-05 -1.10654e-05 -8.98654e-06 -6.88852e-06 -4.7764e-06 -2.65526e-06 -5.30223e-07 5.30223e-07 
